#Chapter 1
# Problem 1

tsp <- c(68, 63, 42, 27, 30, 36, 28, 32, 79, 27, 22, 23, 24, 25, 44
65, 43, 25, 74, 51, 36, 42, 28, 31, 28, 25, 45, 12, 57, 51,
12, 32, 49, 38, 42, 27, 31, 50, 38, 21, 26, 24, 69, 47, 23, 
22, 43, 27, 49, 28, 23, 19, 46, 30, 43, 49, 12)

stem(tsp)

# Problem 2

fatgrams <- c(22, 62, 77, 84, 91, 102, 117, 129, 137, 141,
42, 56, 78, 73, 96, 105, 117, 125, 135, 143,
37, 69, 82, 93, 93, 100, 114, 124, 135, 142,
30, 77, 81, 94, 97, 102, 119, 125, 138, 142,
46, 89, 88, 99, 95, 100, 116, 121, 131, 152,
63, 85, 81, 94, 93, 106, 114, 127, 133, 155,
51, 80, 88, 98, 97, 106, 119, 122, 134, 151,
52, 70, 76, 95, 107, 105, 117, 128, 144, 150,
68, 79, 82, 96, 109, 108, 117, 120, 147, 153,
67, 75, 76, 92, 105, 104, 117, 129, 148, 164,
62, 85, 77, 96, 103, 105, 116, 132, 146, 168,
53, 72, 72, 91, 102, 101, 128, 136, 143, 164,
65, 73, 83, 92, 103, 118, 127, 132, 140, 167,
68, 75, 89, 95, 107, 111, 128, 139, 148, 168,
68, 79, 82, 96, 109, 108, 117, 130, 147, 153)

stem(fatgrams)

#Problem 3

milk <- c(33, 31, 67, 29, 17 38, 44, 25, 32, 52, 60, 35, 68, 21, 34)
nomilk <- c(39, 47, 40, 15, 60, 71, 46, 42, 63, 20, 45, 66)

stem(milk)
stem(nonmilk)

median(milk)
median(nonmilk)
